Removing existing file
Reading training data file 
Iterating in batch mode
246.37212895
250.36035291999997
271.29713899
369.56330671
89.07465871000002
274.49575186000004
199.49762004999997
310.63228026999997
231.04608778000002
-13.460479819999989
64.22333776000002
98.66015959000002
282.67590643
136.50692269
96.62806792
202.11742236999999
375.62456305
327.53308297
217.99600921
14.338916590000025
28.887417610000025
-6.336753889999976
-70.02737371999997
131.97859801
0.07838326000003804
344.40189778
102.12268834000002
298.23549175
74.57363235999999
244.11843151000002
197.36963065
76.05451930000001
104.71035430000002
148.49126326
-92.16718834999998
265.14308353
164.282734
135.12208111
96.54884089000002
238.06111468
316.99595238999996
193.5949258
297.92449393000004
-107.27781691999998
191.05215895000003
165.4573162
244.47667324
222.64160146000003
359.40064378
-25.40430454999995
240.32248819
-5.760971179999984
293.98286494
14.133905440000007
350.7834031
53.74593058000002
-14.12843569999999
195.59753767
153.26265244
212.51248918
351.42284641
6.755572089999987
-9.69929923999998
215.7917983
148.82695384
263.00913391
437.03791873
244.16109847
328.89990262000003
89.85895414000001
312.28920121
346.9329367
305.58675447999997
66.49439836000002
100.05341050000001
423.89300349999996
333.65941717
218.74153012000002
364.9158595
66.00128407
71.02913011000003
-98.91482299999998
123.86064730000001
312.68705146
213.11770117
168.62033200000002
361.28436049
118.52401705000001
298.80523978
-53.12485231999999
121.95772039
251.02515655000002
139.22857756000002
60.34897732000002
319.19446369
267.8318185
-90.73292800999998
180.43115977000002
317.86442428
15.519328270000017
262.19680024
34.38317794000002
296.98834972
198.98867029000002
67.82678620000002
328.98952282
52.861973890000016
76.43381497000001
154.17405283
172.55769649
-87.51105100999997
290.36703673
47.691904030000025
23.59245328000003
339.9782563
351.53163742
285.54884011
292.5028552
-27.88608301999998
154.94694604
412.81989376
51.09359338000001
58.942469890000005
379.32871033000004
268.10751685
-3.7695414499999913
193.26477895
419.17982446
240.77032444000002
-11.561861989999983
318.97506334
411.29533248999996
190.58932996000001
53.70081061000002
373.51890595
136.43704108000003
204.83081527000002
269.54846932
425.59700821
139.31679715
323.24173210000004
21.12236908000002
307.34716144000004
171.34985488
300.75220792
328.70141125000004
81.59447728000004
-53.02136731999998
206.27663149
269.09624293
170.14223032
135.80277238000002
260.96265469
315.34435042
270.18368464
78.99507556000002
287.20264831000003
173.43952399
84.51827719000002
307.23673099
282.56407767999997
109.50527473000001
12.505681450000004
67.46472247
333.1140928
61.38095197000003
51.80734537000001
184.65337723
293.72678698000004
231.82103371000002
229.30356292
11.598617860000022
-17.70804844999998
24.94545589000002
120.22444993000002
418.02864424
64.31751352
145.44818377
166.95453061
-105.06002230999995
222.01734214
53.29158745000001
-50.91241153999998
349.67538577000005
20.791672750000004
211.21881517000003
133.91890060000003
328.26984268
309.66021484
-95.90978935999999
-21.803703859999985
332.23926796
-24.465322909999976
369.08368654
296.93771446
234.3934747
439.73408874999996
73.84947268
98.7787285
10.004719720000033
-73.56520804999997
-297.64144457
-56.16972154999999
98.18252434
106.56233995000001
98.11390354000001
85.36812532000002
-20.459581969999988
-263.85850583
-111.42415309999998
-1.8500249899999943
-104.48956702999999
-0.707322529999999
14.057937280000004
-228.44560294999997
-56.054136379999974
-176.75728591999996
-40.021896859999984
-211.45520974999994
115.65271666000001
-58.26629338999999
68.91902038000002
-16.72774387999999
-266.70498760999993
10.686690460000008
103.35811819
78.00017680000002
0.02713822000002608
-9.622790269999982
-127.60353643999998
-29.598845509999975
-214.17335297
-21.071004859999974
-300.67771157
-217.43973412999992
-147.94989169999997
95.75325676000001
55.591183780000016
-23.609503249999975
-24.333530839999995
86.44500136000002
40.834225780000025
-3.529219129999973
-57.25237789999997
-208.70264833999997
-197.94444485
-25.94503438999999
157.36705654000002
-216.57636820999997
36.81755326000002
-78.58003006999999
74.59842088
-89.89559830999997
-261.43802182999997
-256.58420290999993
-194.95854019999993
-152.76141172999996
100.56961150000001
143.65207186
-59.79662014999998
-16.730406200000004
-193.59819238999995
-166.10329207999996
160.76224054
139.99803346000002
100.59774250000002
84.79368982000001
-59.30532211999997
-194.61684664999999
-210.05581418
-246.90185771
-16.096067269999978
84.39206989000002
35.217490389999995
-105.21668176999998
-169.49234663
-210.00143498
-15.376684099999977
101.35319266000002
-29.833196509999993
-22.044150739999992
-185.17869604999996
-264.69820523
75.03242206000002
-238.7072357
-296.2411126399999
-124.91848123999998
81.65180782000003
158.4940198
65.71062985000002
-268.7587086799999
-134.70298306999996
-92.89142638999999
151.73284828
83.25022213000001
-192.17414710999998
37.40299975000002
-260.3532667999999
-35.42878624999997
-88.70631280999997
-120.65396299999999
-217.58133085999998
-191.32441232
94.47940168000001
-45.29674369999999
-270.77733371
-74.41720537999996
-219.95975596999995
78.17785144000001
-176.15931157999995
-79.08359767999997
-148.94728171999995
-35.082255679999975
-279.30915631999994
46.176159040000016
-17.117329969999986
50.091199750000015
-156.68028707000002
-71.84984366
21.718968580000023
-182.73293182999998
-73.89654220999998
-173.90953921999997
-167.77896385999998
-123.42823861999997
-5.232265999999981
-66.00795775999998
131.45687626
-276.32434343
-251.27821183999998
161.55816751
93.93281779
-176.49854917999994
-55.435823869999965
133.65675394000002
-85.80013048999999
-136.31207366
115.87996954
-311.0014170199999
-125.1493412
-133.99169302999996
-5.32876441999997
-210.70541179999998
69.45515239000001
74.03181016
136.957849
51.080667280000014
42.132453970000014
31.473024460000005
45.61586110000001
-39.16635658999999
58.44710266000001
-185.74917043999997
146.86197604
-137.31353263999995
-186.59331079999998
140.36748025
-67.66159838
-38.789290099999974
-92.35390207999998
143.78422333
-287.22082045999997
-96.83916766999997
116.32463872000001
-107.78590057999997
18.933444610000024
-49.00901069
72.93655219000001
-158.73034721
-180.72350644999997
-45.39325585999998
-229.07882425999995
-159.36418829
-258.86011312999995
-115.82930035999998
-203.08599155
-18.871535539999982
-221.49313795999996
-98.83296436999996
-151.68696409999995
148.16354722
148.22895847
-72.49329044000001
-38.173052119999994
29.435441590000025
1.6502591500000108
-250.00599346999996
-305.31400997
-16.57725424999998
74.22256231000001
-39.76646653999998
-16.007533609999996
-135.63678539
100.61071432000001
-166.83198416000002
8.96465446000002
-0.954235309999973
152.92262965
-133.97137439
-217.24760656999993
processing finished
